1.003
1.198
1.006
1.228
3.421
3.822
3.021
7.425
7.026
6.626
6.225
5.824
1.058
1.312
1.044
1.325
1.609
1.701
1.921
2.911
2.109
1.179
1.485
3.732
4.132
3.331
8.621
8.22
7.82
7.419
7.019
6.618
1.258
1.712
1.243
1.697
3.653
2.852
3.596
2.795
6.091
5.29
4.49
5.992
5.191
4.391
6.3
5.499
7.029
7.83
6.23
1.373
1.848
6.409
5.607
6.811
6.009
17.316
16.915
16.517
16.116
15.716
15.316
14.915
14.514
14.114
1.358
4.904
4.504
4.105
1.323
4.749
4.348
3.948
14.015
13.615
13.215
12.816
12.416
12.016
1.352
8.342
7.942
7.542
2.761
16.787
16.387
15.988
17.987
17.588
17.187
26.214
25.814
25.414
25.016
24.616
24.216
23.816
23.417
23.017
3.094
24.077
22.876
22.475
22.077
21.676
23.677
23.276
40.703
40.302
39.902
39.502
39.102
38.701
38.301
37.9
37.501
47.556
47.155
46.756
46.356
45.955
45.555
45.154
44.753
44.352
43.953
43.552
43.152
42.752
42.351
41.951
41.55
41.151
42.474
42.074
41.674
41.274
40.874
40.475
40.075
39.674
39.274
38.875
38.474
38.074
37.675
37.275
36.875
45.012
44.613
44.212
43.813
43.413
43.013
42.613
42.212
41.812
41.412
41.013
40.613
40.213
39.813
